SIZES
  narena                14680064
  nbuffer               4067264
  nplugin               0
  maxuse_stack          5792
  maxuse_arena          35456
  maxuse_con            11
  maxuse_efc            44
  solver_nisland        1
  ne                    0
  nf                    0
  nl                    0
  nefc                  24
  nnzJ                  288
  ncon                  6
  nisland               0
  threadpool            0

TIMER
    0:  duration =  0.2        number = 1
    1:  duration =  0.2        number = 1
    2:  duration =  0          number = 0
    3:  duration =  0.18       number = 1
    4:  duration =  0.0021     number = 1
    5:  duration =  0.00084    number = 1
    6:  duration =  0.0091     number = 1
    7:  duration =  0.00074    number = 1
    8:  duration =  0.0044     number = 1
    9:  duration =  0.0014     number = 1
    10:  duration =  0.17       number = 1
    11:  duration =  0.0048     number = 1
    12:  duration =  2.8e-05    number = 1
    13:  duration =  0.0043     number = 1
    14:  duration =  0.05       number = 1

SOLVER STAT
  solver_nisland = 1
  solver_fwdinv =   0         0       
  ISLAND 0
    solver_niter = 2
    solver_nnz = 144
      0:  improvement =  8e+02       gradient =  0.026       lineslope =  0       
          nactive = 22   nchange = 2   neval = 3   nupdate = 2
      1:  improvement =  0.0004      gradient =  9.2e-16     lineslope =  0       
          nactive = 22   nchange = 0   neval = 2   nupdate = 0

ENERGY =   0         0       

TIME =  1.6     

QPOS
   0.12    
   0.4     
   0.095   
  -0.032   
  -0.74    
  -0.67    
   0.046   
   0.024   
   0.072   
   1.7e+02 
  -0.082   
  -0.18    
   23      

QVEL
  -0.00044 
  -0.00094 
  -0.0013  
  -0.0037  
   0.0084  
  -0.00087 
   0.018   
  -0.051   
   1.5e+02 
   0.013   
  -0.034   
   18      

QACC_WARMSTART
  -0.018   
  -0.26    
  -0.2     
  -0.33    
   1.9     
  -0.58    
  -4.6     
  -14      
  -4.2e+03 
   0.73    
  -11      
  -4.2e+03 

CTRL
   30      
   30      
  -2       
   30      
   30      
  -2       

QFRC_APPLIED
   0       
   0       
   0       
   0       
   0       
   0       
   0       
   0       
   0       
   0       
   0       
   0       

XFRC_APPLIED
   0         0         0         0         0         0       
   0         0         0         0         0         0       
   0         0         0         0         0         0       
   0         0         0         0         0         0       
   0         0         0         0         0         0       
   0         0         0         0         0         0       
   0         0         0         0         0         0       
   0         0         0         0         0         0       

QACC
  -0.018   
  -0.26    
  -0.2     
  -0.33    
   1.9     
  -0.58    
  -4.6     
  -14      
  -4.2e+03 
   0.73    
  -11      
  -4.2e+03 

XPOS
   0         0         0       
   0.12      0.4       0.095   
   0.26      0.39      0.072   
   0.26      0.22      0.089   
   0.29      0.26      0.28    
  -0.079     0.42      0.077   
  -0.11      0.26      0.073   
  -0.14      0.24      0.28    

XQUAT
   1         0         0         0       
  -0.032    -0.74     -0.67      0.046   
  -0.04     -0.74     -0.67      0.055   
  -0.065    -0.74     -0.67      0.082   
  -0.62      0.28      0.25      0.69    
  -0.0049   -0.74     -0.67      0.015   
   0.055    -0.74     -0.67     -0.051   
  -0.52     -0.46     -0.42      0.58    

XMAT
   1         0         0         0         1         0         0         0         1       
   0.1       0.99     -0.025     0.99     -0.11     -0.11     -0.11     -0.013    -0.99    
   0.1       0.99     -0.027     0.99     -0.11     -0.13     -0.13     -0.013    -0.99    
   0.1       0.99     -0.034     0.97     -0.11     -0.2      -0.21     -0.013    -0.98    
  -0.066     0.99      0.083    -0.71     -0.11      0.69      0.7      -0.013     0.72    
   0.1       0.99     -0.016     0.99     -0.11     -0.028    -0.029    -0.013    -1       
   0.11      0.99      0.0027    0.98     -0.11      0.15      0.15     -0.013    -0.99    
  -0.036     0.99     -0.1      -0.21     -0.11     -0.97     -0.98     -0.013     0.22    

XIPOS
   0         0         0       
   0.086     0.38      0.12    
   0.25      0.29      0.082   
   0.26      0.24      0.15    
   0.29      0.26      0.28    
  -0.093     0.32      0.076   
  -0.11      0.25      0.13    
  -0.14      0.24      0.27    

XIMAT
   1         0         0         0         1         0         0         0         1       
   0.13      0.99      0.004     0.99     -0.13     -0.056    -0.055     0.011    -1       
   0.052    -0.047    -1         1        -0.059     0.054    -0.062    -1         0.043   
  -0.045     0.13      0.99     -0.19      0.97     -0.14     -0.98     -0.19     -0.019   
  -0.073    -0.079     0.99     -0.77     -0.63     -0.11      0.64     -0.77     -0.014   
   0.12      0.0061    0.99      0.99     -0.045    -0.12      0.043     1        -0.011   
  -0.015     0.097    -1        -0.16      0.98      0.098     0.99      0.16      0.00078 
  -0.051    -0.094    -0.99     -0.37     -0.92      0.11     -0.93      0.37      0.013   

XANCHOR
   0.12      0.4       0.095   
   0.26      0.39      0.072   
   0.26      0.22      0.089   
   0.29      0.26      0.28    
  -0.079     0.42      0.077   
  -0.11      0.26      0.073   
  -0.14      0.24      0.28    

XAXIS
   0         0         1       
  -0.99      0.11      0.013   
  -0.99      0.11      0.013   
   0.99     -0.11     -0.013   
  -0.99      0.11      0.013   
  -0.99      0.11      0.013   
   0.99     -0.11     -0.013   

GEOM_XPOS
   0         0         0       
   0.098     0.4       0.092   
   0.09      0.4       0.13    
   0.1       0.51      0.15    
   0.096     0.5       0.16    
   0.11      0.61      0.13    
   0.057     0.35      0.13    
   0.071     0.22      0.092   
   0.095     0.44      0.14    
   0.067     0.42      0.12    
  -0.077     0.42      0.077   
   0.25      0.3       0.083   
   0.26      0.24      0.15    
   0.29      0.26      0.28    
   0.29      0.26      0.28    
  -0.092     0.34      0.079   
  -0.11      0.25      0.14    
  -0.14      0.24      0.27    
  -0.14      0.24      0.27    

GEOM_XMAT
   1         0         0         0         1         0         0         0         1       
  -0.0076   -0.1      -0.99     -0.12     -0.99      0.1      -0.99      0.12     -0.0051  
   0.035    -0.99      0.1      -0.053     0.1       0.99     -1        -0.041    -0.049   
  -0.042    -0.99      0.095    -0.39      0.1       0.91     -0.92      0.0014   -0.39    
  -0.035    -1         0.053    -0.29      0.061     0.96     -0.96      0.018    -0.29    
  -0.048     0.0087   -1        -0.23     -0.97      0.0028   -0.97      0.23      0.049   
   0.94     -0.24      0.23     -0.21      0.077     0.97     -0.25     -0.97      0.021   
   0.092     0.97     -0.2       0.74     -0.2      -0.64     -0.66     -0.092    -0.74    
  -0.045    -0.99      0.12     -0.17      0.13      0.98     -0.99      0.024    -0.17    
  -0.14     -0.77     -0.63     -0.11     -0.62      0.78     -0.98      0.18     -0.0018  
  -0.00037  -0.1      -0.99      0.12     -0.99      0.099    -0.99     -0.12      0.012   
   0.99     -0.12      0.07     -0.076    -0.047     1        -0.11     -0.99     -0.056   
   0.99     -0.09     -0.045    -0.097    -0.98     -0.2      -0.026     0.2      -0.98    
   0.99      0.083    -0.068    -0.11      0.68     -0.73     -0.014     0.73      0.69    
   0.99      0.083    -0.068    -0.11      0.68     -0.73     -0.014     0.73      0.69    
   0.99      0.063     0.098    -0.1       0.045     0.99      0.058    -1         0.051   
   0.99     -0.13      0.015    -0.13     -0.98      0.15     -0.0058   -0.15     -0.99    
   0.99     -0.098    -0.045    -0.11     -0.95     -0.31     -0.012     0.31     -0.95    
   0.99     -0.098    -0.045    -0.11     -0.95     -0.31     -0.012     0.31     -0.95    

LIGHT_XPOS
   0        -6         4       

LIGHT_XDIR
   0.011     0.85     -0.52    

SUBTREE_COM
   0.085     0.37      0.12    
   0.085     0.37      0.12    
   0.26      0.26      0.17    
   0.27      0.25      0.21    
   0.29      0.26      0.28    
  -0.11      0.27      0.16    
  -0.12      0.24      0.2     
  -0.14      0.24      0.27    

CDOF
   0         0         0         1         0         0       
   0         0         0         0         1         0       
   0         0         0         0         0         1       
   0.1       0.99     -0.11      0.023     0.00054   0.026   
   0.99     -0.11     -0.013    -0.0034   -0.027    -0.038   
  -0.025    -0.11     -0.99     -0.038     0.031    -0.0025  
  -0.99      0.11      0.013     0.0055    0.048     0.036   
  -0.99      0.11      0.013     0.0016    0.031    -0.13    
   0.99     -0.11     -0.013     0.018     0.16      0.081   
  -0.99      0.11      0.013     0.0055    0.048     0.036   
  -0.99      0.11      0.013     0.0037    0.052    -0.13    
   0.99     -0.11     -0.013     0.018     0.15      0.15    

CINERT
   0         0         0         0         0         0         0         0         0         0       
   0.17      0.16      0.26     -0.0011   -0.00028   0.0069    0.0083    0.18     -0.073     12      
   0.0036    0.009     0.011     0.0036    0.002    -0.00081   0.05     -0.022    -0.012     0.3     
   0.0087    0.013     0.017     0.0079   -0.002     0.001     0.06     -0.045     0.011     0.35    
   0.01      0.019     0.014     0.0057   -0.0089    0.0046    0.056    -0.029     0.044     0.28    
   0.0029    0.01      0.012    -0.0029   -0.0025   -0.00075  -0.054    -0.015    -0.014     0.3     
   0.0062    0.014     0.016    -0.0068    0.00042   0.00055  -0.059    -0.034     0.0019    0.3     
   0.012     0.02      0.019    -0.008     0.0094    0.0055   -0.061    -0.036     0.042     0.28    

ACTUATOR_LENGTH
   0.024   
   0.073   
   1.7e+02 
  -0.082   
  -0.18    
   23      

ACTUATOR_MOMENT
   0         0         0         0         0         0         1         0         0         0         0         0       
   0         0         0         0         0         0         0         1         0         0         0         0       
   0         0         0         0         0         0         0         0         1         0         0         0       
   0         0         0         0         0         0         0         0         0         1         0         0       
   0         0         0         0         0         0         0         0         0         0         1         0       
   0         0         0         0         0         0         0         0         0         0         0         1       

CRB
   0         0         0         0         0         0         0         0         0         0       
   0.21      0.24      0.35     -0.0017   -0.0019    0.017     1.4e-16   2.8e-17   1.5e-16   14      
   0.023     0.041     0.042     0.017    -0.0089    0.0048    0.17     -0.096     0.043     0.93    
   0.019     0.032     0.031     0.014    -0.011     0.0056    0.12     -0.074     0.055     0.62    
   0.01      0.019     0.014     0.0057   -0.0089    0.0046    0.056    -0.029     0.044     0.28    
   0.021     0.045     0.046    -0.018     0.0073    0.0053   -0.17     -0.086     0.03      0.88    
   0.018     0.034     0.034    -0.015     0.0098    0.0061   -0.12     -0.07      0.044     0.58    
   0.012     0.02      0.019    -0.008     0.0094    0.0055   -0.061    -0.036     0.042     0.28    

QM
   14        0         0         0.32     -0.046    -0.52      0.011     0.0078    2.4e-06   0.0092    0.0077    1.7e-06 
   0         14        0         0.0074   -0.37      0.42      0.089     0.076     2.5e-05   0.07      0.072     1.2e-05 
   0         0         14        0.36     -0.53     -0.034     0.11     -0.02     -2e-05     0.14      0.0073    3e-05   
   0.32      0.0074    0.36      0.26     -0.02     -0.017    -0.02      0.002     3e-06     0.031     0.0035    7e-06   
  -0.046    -0.37     -0.53     -0.02      0.24     -0.0024   -0.031    -0.012     0.00048  -0.037    -0.015     0.00047 
  -0.52      0.42     -0.034    -0.017    -0.0024    0.39     -0.013    -0.014    -4.7e-06   0.013     0.016     2e-06   
   0.011     0.089     0.11     -0.02     -0.031    -0.013     0.033     0.013    -0.00048   0         0         0       
   0.0078    0.076    -0.02      0.002    -0.012    -0.014     0.013     0.016    -0.00047   0         0         0       
   2.4e-06   2.5e-05  -2e-05     3e-06     0.00048  -4.7e-06  -0.00048  -0.00047   0.00048   0         0         0       
   0.0092    0.07      0.14      0.031    -0.037     0.013     0         0         0         0.038     0.016    -0.00047 
   0.0077    0.072     0.0073    0.0035   -0.015     0.016     0         0         0         0.016     0.015    -0.00048 
   1.7e-06   1.2e-05   3e-05     7e-06     0.00047   2e-06     0         0         0        -0.00047  -0.00048   0.00048 

QLD
   12        0.036    -0.052     1.5      -0.19     -1.5       0.2       0.52      0.0049    0.044     0.53      0.0035  
   0.036     12       -0.035     0.1      -1.3       1.2       1.1       5         0.052    -0.34      4.9       0.025   
  -0.052    -0.035     11        1.6      -1.6      -0.061     6.1      -1.3      -0.042     6.1       0.5       0.062   
   1.5       0.1       1.6       0.2      -0.047    -0.042    -1         0.13      0.0062    1.3       0.24      0.015   
  -0.19     -1.3      -1.6      -0.047     0.18     -0.0094   -0.99     -0.76      1        -1        -0.96      0.98    
  -1.5       1.2      -0.061    -0.042    -0.0094    0.35     -0.076    -0.91     -0.0097   -0.22      1.1       0.0042  
   0.2       1.1       6.1      -1        -0.99     -0.076     0.021     0.86     -0.99      0         0         0       
   0.52      5        -1.3       0.13     -0.76     -0.91      0.86      0.015    -0.99      0         0         0       
   0.0049    0.052    -0.042     0.0062    1        -0.0097   -0.99     -0.99      0.00048   0         0         0       
   0.044    -0.34      6.1       1.3      -1        -0.22      0         0         0         0.021     1.1      -0.98    
   0.53      4.9       0.5       0.24     -0.96      1.1       0         0         0         1.1       0.015    -0.99    
   0.0035    0.025     0.062     0.015     0.98      0.0042    0         0         0        -0.98     -0.99      0.00048 

QLDIAGINV
   0.081   
   0.082   
   0.09    
   5.1     
   5.7     
   2.8     
   47      
   66      
   2.1e+03 
   48      
   68      
   2.1e+03 

QLDIAGSQRTINV
   0.28    
   0.29    
   0.3     
   2.3     
   2.4     
   1.7     
   6.9     
   8.2     
   46      
   6.9     
   8.3     
   46      

B_rownnz              12 12 9 9 9 9 9 9

B_rowadr              0 12 24 33 42 51 60 69

B_colind              0 1 2 3 4 5 6 7 8 9 10 11 0 1 2 3 4 5 6 7 8 9 10 11 0 1 2 3 4 5 6 7 8 0 1 2 3 4 5 6 7 8 0 1 2 3 4 5 6 7 8 0 1 2 3 4 5 9 10 11 0 1 2 3 4 5 9 10 11 0 1 2 3 4 5 9 10 11

C_rownnz              12 12 12 12 12 12 9 9 9 9 9 9

C_rowadr              0 12 24 36 48 60 72 81 90 99 108 117

C_colind              0 1 2 3 4 5 6 7 8 9 10 11 0 1 2 3 4 5 6 7 8 9 10 11 0 1 2 3 4 5 6 7 8 9 10 11 0 1 2 3 4 5 6 7 8 9 10 11 0 1 2 3 4 5 6 7 8 9 10 11 0 1 2 3 4 5 6 7 8 9 10 11 0 1 2 3 4 5 6 7 8 0 1 2 3 4 5 6 7 8 0 1 2 3 4 5 6 7 8 0 1 2 3 4 5 9 10 11 0 1 2 3 4 5 9 10 11 0 1 2 3 4 5 9 10 11

mapM2C                0 2 5 9 14 20 27 35 44 51 59 68 2 1 4 8 13 19 26 34 43 50 58 67 5 4 3 7 12 18 25 33 42 49 57 66 9 8 7 6 11 17 24 32 41 48 56 65 14 13 12 11 10 16 23 31 40 47 55 64 20 19 18 17 16 15 22 30 39 46 54 63 27 26 25 24 23 22 21 29 38 35 34 33 32 31 30 29 28 37 44 43 42 41 40 39 38 37 36 51 50 49 48 47 46 45 53 62 59 58 57 56 55 54 53 52 61 68 67 66 65 64 63 62 61 60

D_rownnz              12 12 12 12 12 12 9 9 9 9 9 9

D_rowadr              0 12 24 36 48 60 72 81 90 99 108 117

D_colind              0 1 2 3 4 5 6 7 8 9 10 11 0 1 2 3 4 5 6 7 8 9 10 11 0 1 2 3 4 5 6 7 8 9 10 11 0 1 2 3 4 5 6 7 8 9 10 11 0 1 2 3 4 5 6 7 8 9 10 11 0 1 2 3 4 5 6 7 8 9 10 11 0 1 2 3 4 5 6 7 8 0 1 2 3 4 5 6 7 8 0 1 2 3 4 5 6 7 8 0 1 2 3 4 5 9 10 11 0 1 2 3 4 5 9 10 11 0 1 2 3 4 5 9 10 11

mapM2D                0 2 5 9 14 20 27 35 44 51 59 68 2 1 4 8 13 19 26 34 43 50 58 67 5 4 3 7 12 18 25 33 42 49 57 66 9 8 7 6 11 17 24 32 41 48 56 65 14 13 12 11 10 16 23 31 40 47 55 64 20 19 18 17 16 15 22 30 39 46 54 63 27 26 25 24 23 22 21 29 38 35 34 33 32 31 30 29 28 37 44 43 42 41 40 39 38 37 36 51 50 49 48 47 46 45 53 62 59 58 57 56 55 54 53 52 61 68 67 66 65 64 63 62 61 60

mapD2M                0 13 12 26 25 24 39 38 37 36 52 51 50 49 48 65 64 63 62 61 60 78 77 76 75 74 73 72 88 87 86 85 84 83 82 81 98 97 96 95 94 93 92 91 90 105 104 103 102 101 100 99 115 114 113 112 111 110 109 108 125 124 123 122 121 120 119 118 117

QDERIV
   0         0         0         0         0         0         0         0         0         0         0         0       
   0         0         0         0         0         0         0         0         0         0         0         0       
   0         0         0         0         0         0         0         0         0         0         0         0       
   0         0         0         0         0         0         0         0         0         0         0         0       
   0         0         0         0         0         0         0         0         0         0         0         0       
   0         0         0         0         0         0         0         0         0         0         0         0       
   0         0         0         0         0         0         0         0         0         0         0         0       
   0         0         0         0         0         0         0         0         0         0         0         0       
   0         0         0         0         0         0         0         0         0         0         0         0       
   0         0         0         0         0         0         0         0         0         0         0         0       
   0         0         0         0         0         0         0         0         0         0         0         0       
   0         0         0         0         0         0         0         0         0         0         0         0       

QLU
   0         0         0         0         0         0         0         0         0         0         0         0       
   0         0         0         0         0         0         0         0         0         0         0         0       
   0         0         0         0         0         0         0         0         0         0         0         0       
   0         0         0         0         0         0         0         0         0         0         0         0       
   0         0         0         0         0         0         0         0         0         0         0         0       
   0         0         0         0         0         0         0         0         0         0         0         0       
   0         0         0         0         0         0         0         0         0         0         0         0       
   0         0         0         0         0         0         0         0         0         0         0         0       
   0         0         0         0         0         0         0         0         0         0         0         0       
   0         0         0         0         0         0         0         0         0         0         0         0       
   0         0         0         0         0         0         0         0         0         0         0         0       
   0         0         0         0         0         0         0         0         0         0         0         0       

CONTACT
  0:
     dim           3
     geoms         floor : base_link_collision_0
     exclude       0
     efc_address   0
     solref         0.02      1       
     solimp         0.9       0.95      0.001     0.5       2       
     dist          -0.00016 
     includemargin  0       
     pos            0.32      0.42     -8.1e-05 
     frame          0         0         1         0         1         0        -1         0         0       
     friction       1         1         0.005     0.0001    0.0001  
     mu             1       
  1:
     dim           3
     geoms         floor : base_link_collision_8
     exclude       0
     efc_address   4
     solref         0.02      1       
     solimp         0.9       0.95      0.001     0.5       2       
     dist          -5e-05   
     includemargin  0       
     pos            0.18      0.58     -2.5e-05 
     frame          0         0         1         0         1         0        -1         0         0       
     friction       1         1         0.005     0.0001    0.0001  
     mu             1       
  2:
     dim           3
     geoms         floor : rf1_Link_collision_0
     exclude       0
     efc_address   8
     solref         0.02      1       
     solimp         0.9       0.95      0.001     0.5       2       
     dist          -0.00087 
     includemargin  0       
     pos           -0.096     0.28     -0.00043 
     frame          0         0         1         0         1         0        -1         0         0       
     friction       1         1         0.005     0.0001    0.0001  
     mu             1       
  3:
     dim           3
     geoms         base_link_collision_0 : lf1_Link_collision_0
     exclude       0
     efc_address   12
     solref         0.02      1       
     solimp         0.9       0.95      0.001     0.5       2       
     dist          -0.0014  
     includemargin  0       
     pos            0.25      0.26      0.14    
     frame          0.26     -0.94      0.21     -0.057     0.2       0.98     -0.96     -0.27      0       
     friction       1         1         0.005     0.0001    0.0001  
     mu             1       
  4:
     dim           3
     geoms         base_link_collision_8 : lf1_Link_collision_0
     exclude       0
     efc_address   16
     solref         0.02      1       
     solimp         0.9       0.95      0.001     0.5       2       
     dist          -0.016   
     includemargin  0       
     pos            0.25      0.26      0.14    
     frame          0.87     -0.5       0.036    -0.031     0.018     1        -0.5      -0.87      0       
     friction       1         1         0.005     0.0001    0.0001  
     mu             1       
  5:
     dim           3
     geoms         base_link_collision_1 : rf1_Link_collision_0
     exclude       0
     efc_address   20
     solref         0.02      1       
     solimp         0.9       0.95      0.001     0.5       2       
     dist          -0.0097  
     includemargin  0       
     pos           -0.1       0.27      0.18    
     frame         -0.96     -0.26     -0.079    -0.26      0.96     -0.022     0.082     3.5e-18  -1       
     friction       1         1         0.005     0.0001    0.0001  
     mu             1       

EFC_TYPE
  6
  6
  6
  6
  6
  6
  6
  6
  6
  6
  6
  6
  6
  6
  6
  6
  6
  6
  6
  6
  6
  6
  6
  6

EFC_ID
  0
  0
  0
  0
  1
  1
  1
  1
  2
  2
  2
  2
  3
  3
  3
  3
  4
  4
  4
  4
  5
  5
  5
  5

EFC_J
   0         1         1        -0.21      0.13     -0.18      0         0         0         0         0         0       
   0        -1         1        -0.19     -0.052     0.23      0         0         0         0         0         0       
  -1         0         1        -0.11      0.03     -0.0069    0         0         0         0         0         0       
   1         0         1        -0.29      0.05      0.051     0         0         0         0         0         0       
   0         1         1        -0.043     0.28     -0.064     0         0         0         0         0         0       
   0        -1         1        -0.048     0.095     0.069     0         0         0         0         0         0       
  -1         0         1         0.028     0.18     -0.19      0         0         0         0         0         0       
   1         0         1        -0.12      0.2       0.19      0         0         0         0         0         0       
   0         1         1         0.23     -0.042     0.19      0         0         0         0.06     -0.1       0       
   0        -1         1         0.16     -0.24     -0.23      0         0         0         0.21      0.043     0       
  -1         0         1         0.3      -0.15      0.087     0         0         0         0.14     -0.022     0       
   1         0         1         0.089    -0.13     -0.13      0         0         0         0.13     -0.038     0       
   0         0         0         0         0         0         0.095    -0.091     0         0         0         0       
   0         0         0         0         0         0        -0.17     -0.022     0         0         0         0       
   0         0         0         0         0         0        -0.063    -0.075     0         0         0         0       
   0         0         0         0         0         0        -0.0094   -0.038     0         0         0         0       
   0         0         0         0         0         0         0.1      -0.062     0         0         0         0       
   0         0         0         0         0         0        -0.15      0.02      0         0         0         0       
   0         0         0         0         0         0        -0.079    -0.065     0         0         0         0       
   0         0         0         0         0         0         0.039     0.022     0         0         0         0       
   0         0         0         0         0         0         0         0         0         0.042     0.064     0       
   0         0         0         0         0         0         0         0         0        -0.15     -0.14      0       
   0         0         0         0         0         0         0         0         0        -0.2      -0.019     0       
   0         0         0         0         0         0         0         0         0         0.096    -0.057     0       

EFC_POS
  -0.00016 
  -0.00016 
  -0.00016 
  -0.00016 
  -5e-05   
  -5e-05   
  -5e-05   
  -5e-05   
  -0.00087 
  -0.00087 
  -0.00087 
  -0.00087 
  -0.0014  
  -0.0014  
  -0.0014  
  -0.0014  
  -0.016   
  -0.016   
  -0.016   
  -0.016   
  -0.0097  
  -0.0097  
  -0.0097  
  -0.0097  

EFC_MARGIN
   0       
   0       
   0       
   0       
   0       
   0       
   0       
   0       
   0       
   0       
   0       
   0       
   0       
   0       
   0       
   0       
   0       
   0       
   0       
   0       
   0       
   0       
   0       
   0       

EFC_FRICTIONLOSS
   0       
   0       
   0       
   0       
   0       
   0       
   0       
   0       
   0       
   0       
   0       
   0       
   0       
   0       
   0       
   0       
   0       
   0       
   0       
   0       
   0       
   0       
   0       
   0       

EFC_DIAGAPPROX
   0.31    
   0.31    
   0.31    
   0.31    
   0.31    
   0.31    
   0.31    
   0.31    
   2.3     
   2.3     
   2.3     
   2.3     
   2.7     
   2.7     
   2.7     
   2.7     
   2.7     
   2.7     
   2.7     
   2.7     
   2.7     
   2.7     
   2.7     
   2.7     

EFC_KBIP
   2.8e+03   1.1e+02   0.9      -32      
   2.8e+03   1.1e+02   0.9      -32      
   2.8e+03   1.1e+02   0.9      -32      
   2.8e+03   1.1e+02   0.9      -32      
   2.8e+03   1.1e+02   0.9      -10      
   2.8e+03   1.1e+02   0.9      -10      
   2.8e+03   1.1e+02   0.9      -10      
   2.8e+03   1.1e+02   0.9      -10      
   2.8e+03   1.1e+02   0.95     -27      
   2.8e+03   1.1e+02   0.95     -27      
   2.8e+03   1.1e+02   0.95     -27      
   2.8e+03   1.1e+02   0.95     -27      
   2.8e+03   1.1e+02   0.95      0       
   2.8e+03   1.1e+02   0.95      0       
   2.8e+03   1.1e+02   0.95      0       
   2.8e+03   1.1e+02   0.95      0       
   2.8e+03   1.1e+02   0.95      0       
   2.8e+03   1.1e+02   0.95      0       
   2.8e+03   1.1e+02   0.95      0       
   2.8e+03   1.1e+02   0.95      0       
   2.8e+03   1.1e+02   0.95      0       
   2.8e+03   1.1e+02   0.95      0       
   2.8e+03   1.1e+02   0.95      0       
   2.8e+03   1.1e+02   0.95      0       

EFC_D
   30      
   30      
   30      
   30      
   29      
   29      
   29      
   29      
   7.8     
   7.8     
   7.8     
   7.8     
   7       
   7       
   7       
   7       
   7       
   7       
   7       
   7       
   7.1     
   7.1     
   7.1     
   7.1     

EFC_R
   0.034   
   0.034   
   0.034   
   0.034   
   0.035   
   0.035   
   0.035   
   0.035   
   0.13    
   0.13    
   0.13    
   0.13    
   0.14    
   0.14    
   0.14    
   0.14    
   0.14    
   0.14    
   0.14    
   0.14    
   0.14    
   0.14    
   0.14    
   0.14    

ACTUATOR_VELOCITY
   0.041   
   0.018   
   1.7e+02 
   0.0097  
   0.018   
   39      

CVEL
   0         0         0         0         0         0       
  -0.0014   -0.0022   -0.0018   -0.00047   0.00044  -0.00027 
  -0.042     0.0022   -0.0012   -0.00024   0.0024    0.0012  
  -0.06      0.0041   -0.00098  -0.00021   0.003    -0.0011  
   1.7e+02  -17       -2.2       3         27        13      
  -0.011    -0.0011   -0.0016   -0.00042   0.0009    8.4e-05 
  -0.029     0.00076  -0.0014   -0.00035   0.0018   -0.0023  
   39       -4.1      -0.51      0.7       5.8       6       

CDOF_DOT
   0         0         0         0         0         0       
   0         0         0         0         0         0       
   0         0         0         0         0         0       
  -0         0         0         0.00021  -6.4e-05  -0.00038 
   0         0        -0        -3.1e-05  -0.00025  -0.00031 
   0         0         0        -0.00037  -0.00034   4.6e-05 
   0.00016   0.0018   -0.0023    3.9e-05   0.00031   0.00033 
   0.00016   0.0018   -0.0023   -0.00034  -0.0067    0.001   
  -0.00016  -0.0018    0.0023    0.00033   0.0037   -0.013   
   0.00016   0.0018   -0.0023    3.9e-05   0.00031   0.00033 
   0.00016   0.0018   -0.0023    0.00024  -0.0015    0.00029 
  -0.00016  -0.0018    0.0023    5.9e-05   0.0021   -0.0061  

QFRC_BIAS
   0.064   
   0.51    
   1.3e+02 
   3.4     
  -5.3     
  -0.42    
   1.3     
  -0.12    
  -0.0002  
   1.3     
   0.063   
   0.00029 

QFRC_SPRING
   0       
   0       
   0       
   0       
   0       
   0       
   0       
   0       
   0       
   0       
   0       
   0       

QFRC_DAMPER
   0       
   0       
   0       
   0       
   0       
   0       
   0       
   0       
   0       
   0       
   0       
   0       

QFRC_GRAVCOMP
   0       
   0       
   0       
   0       
   0       
   0       
   0       
   0       
   0       
   0       
   0       
   0       

QFRC_FLUID
   0       
   0       
   0       
   0       
   0       
   0       
   0       
   0       
   0       
   0       
   0       
   0       

QFRC_PASSIVE
   0       
   0       
   0       
   0       
   0       
   0       
   0       
   0       
   0       
   0       
   0       
   0       

EFC_VEL
   2.9e-05 
   0.00031 
   0.00028 
   6.2e-05 
  -0.00025 
  -0.00046 
  -0.00054 
  -0.00018 
  -0.0012  
   0.0017  
   0.00081 
  -0.00031 
   0.0022  
  -0.0073  
  -0.0039  
  -0.0011  
   0.0032  
  -0.0056  
  -0.0044  
   0.002   
   0.0016  
  -0.004   
  -0.0023  
  -0.0001  

EFC_AREF
   0.4     
   0.37    
   0.38    
   0.4     
   0.15    
   0.17    
   0.18    
   0.14    
   2.4     
   2.1     
   2.2     
   2.3     
   3.4     
   4.4     
   4       
   3.7     
   41      
   42      
   42      
   41      
   25      
   26      
   26      
   26      

SUBTREE_LINVEL
   0         0         0       
   0         0         0       
   0         0         0       
   0         0         0       
   0         0         0       
   0         0         0       
   0         0         0       
   0         0         0       

SUBTREE_ANGMOM
   0         0         0       
   0         0         0       
   0         0         0       
   0         0         0       
   0         0         0       
   0         0         0       
   0         0         0       
   0         0         0       

ACTUATOR_FORCE
   30      
   30      
  -2       
   30      
   30      
  -2       

QFRC_ACTUATOR
   0       
   0       
   0       
   0       
   0       
   0       
   30      
   30      
  -2       
   30      
   30      
  -2       

QFRC_SMOOTH
  -0.064   
  -0.51    
  -1.3e+02 
  -3.4     
   5.3     
   0.42    
   29      
   30      
  -2       
   29      
   30      
  -2       

QACC_SMOOTH
  -1.1     
  -17      
  -1.6     
  -19      
   3e+02   
   3.3     
   4.2e+02 
   1.8e+03 
  -2.2e+03 
   1.9e+02 
   2.1e+03 
  -2.2e+03 

EFC_B
   24      
   4       
   10      
   18      
   66      
   44      
   50      
   60      
  -2.4e+02 
   69      
  -70      
  -1e+02   
  -1.3e+02 
  -1.1e+02 
  -1.7e+02 
  -77      
  -1.1e+02 
  -66      
  -1.9e+02 
   15      
   1.2e+02 
  -3.5e+02 
  -1e+02   
  -1.3e+02 

EFC_FORCE
   13      
   14      
   14      
   14      
   0.75    
   0       
   0       
   1.7     
   16      
   21      
   19      
   17      
   18      
   23      
   19      
   22      
   2.9e+02 
   2.9e+02 
   2.8e+02 
   2.9e+02 
   1.9e+02 
   1.8e+02 
   1.8e+02 
   1.8e+02 

EFC_STATE
  1
  1
  1
  1
  1
  0
  0
  1
  1
  1
  1
  1
  1
  1
  1
  1
  1
  1
  1
  1
  1
  1
  1
  1

QFRC_CONSTRAINT
  -0.33    
  -6.3     
   1.3e+02 
   3.2     
  -8.2     
  -0.64    
  -27      
  -28      
   0       
  -27      
  -28      
   0       

QFRC_INVERSE
   0       
   0       
   0       
   0       
   0       
   0       
   0       
   0       
   0       
   0       
   0       
   0       

CACC
   0         0         0         0         0         0       
   0         0         0         0         0         0       
   0         0         0         0         0         0       
   0         0         0         0         0         0       
   0         0         0         0         0         0       
   0         0         0         0         0         0       
   0         0         0         0         0         0       
   0         0         0         0         0         0       

CFRC_INT
   0         0         0         0         0         0       
   0         0         0         0         0         0       
   0         0         0         0         0         0       
   0         0         0         0         0         0       
   0         0         0         0         0         0       
   0         0         0         0         0         0       
   0         0         0         0         0         0       
   0         0         0         0         0         0       

CFRC_EXT
   0         0         0         0         0         0       
   0         0         0         0         0         0       
   0         0         0         0         0         0       
   0         0         0         0         0         0       
   0         0         0         0         0         0       
   0         0         0         0         0         0       
   0         0         0         0         0         0       
   0         0         0         0         0         0       

